5.10595 0 1
6.38705 0 740.803
7.38511 0 1407.470
5.79057 0 363.166
5.10716 0 1
6.36113 0 805.500
7.97329 0 1868.09
10.47250 0 3285.1
11.92720 0 3907.47
12.42620 0 4125.47
9.15630 0 2572.03
4.54223 25 1
5.82452 25 805.5
6.70515 25 1505.92
7.71659 25 2339.96
5.29782 25 422.941
6.22654 25 1168.37
7.57338 25 2237.290
10.354 25 4216.89
11.9844 25 5064.29
12.4435 25 5280.88
9.52333 25 3647.27
8.34496 25 2813.94
5.17275 37.8 516.822
6.64963 37.8 1737.99
5.80754 37.8 1008.73
7.74101 37.8 2749.24
6.23206 37.8 1375.82
4.6606 37.8 191.084
4.29865 37.8 1
7.96731 37.8 2922.94
9.34225 37.8 4044.6
10.5109 37.8 4849.8
11.8215 37.8 5605.78
13.068 37.8 6273.85
8.80445 37.8 3636.72
6.8553 37.8 1948.96
6.11898 37.8 1298.47
3.38099 98.9 1
4.45783 98.9 685.95
5.20675 98.9 1423.64
6.29101 98.9 2791.43
7.32719 98.9 4213.37
5.76988 98.9 2103.67
4.08766 98.9 402.195
3.37417 98.9 1
5.83919 98.9 2219.7
6.72635 98.9 3534.75
7.76883 98.9 4937.71
8.91362 98.9 6344.17
9.98334 98.9 7469.35
8.32329 98.9 5640.94
7.13210 98.9 4107.89